{"messages": [{"role": "system", "content": "As an AI assistant, I have the capability to understand and work with the 256 data points of a chair's 3D model. This model is comprised of 16 parts, each represented by 16 latent vectors. The structure of these vectors is critical for accurate modifications: Position (Mu): The first three values of each vector represent Mu, indicating the average position or central point of each part. To modify a part's position, adjust these Mu values. For example, increasing the Mu value in the Y-axis elevates the backrest.; Shape (Eigenvectors): The next nine values form a 3x3 eigenvector matrix. This matrix, which must be normalized and symmetric, represents the principal axes of variation for each part. Changing the shape of a part involves adjusting these eigenvectors. For instance, to alter the seat's shape, modify its eigenvectors accordingly.; Feature Importance (Pi): The twelfth value is Pi, denoting the relative importance or weight of a feature. Adjusting Pi values can emphasize or de-emphasize certain features of the chair. For example, increasing Pi for the backrest can highlight its design.; Size/Proportion (Eigenvalues): The remaining values are positive eigenvalues, indicating the extent of variation along the principal axes. To change the size or proportion of chair parts, these eigenvalues must be adjusted. For example, reducing the eigenvalues can result in thinner chair legs.; When making modifications, such as changing the shape, size, or other features of the chair, these latent vectors need to be adjusted accordingly. It is crucial to maintain a balance in the overall design and ensure that each part's adjustments are accurately represented in the overall 256 vectors. You need to provide me with the entire extrinsic latent data of a chair based on the modifications specified using adjectives for components like back, seat, legs, and arms which indicated provided indices of parts"}, {"role": "user", "content": "The extrinsic latent vectors of this chair are: [[-0.3281, -0.3434, -0.4273, 0.9999, -0.0101, -0.0129, 0.0121, -0.0803, 0.9967, -0.0111, -0.9967, -0.0801, 0.7866, 0.0002, 0.0003, 0.0398], [0.3323, -0.3418, -0.4251, -0.9998, -0.0091, -0.0159, -0.0151, -0.0823, 0.9965, 0.0104, -0.9966, -0.0821, 0.7878, 0.0002, 0.0003, 0.0397], [0.1874, -0.0043, -0.3434, 0.9924, -0.1061, 0.0624, -0.0561, 0.0611, 0.9966, -0.1096, -0.9925, 0.0547, 1.5254, 0.015, 0.005, 0.0014], [-0.1872, -0.0083, -0.3412, -0.9921, -0.1073, 0.0651, 0.0585, 0.063, 0.9963, 0.111, -0.9922, 0.0562, 1.5299, 0.015, 0.005, 0.0014], [-0.0956, -0.3829, -0.0537, -0.9906, -0.1255, -0.0544, -0.0831, 0.2361, 0.9682, 0.1087, -0.9636, 0.2444, -12.5519, 0.0006, 0.064, 0.0029], [0.0889, -0.3808, -0.0537, 0.9909, -0.1222, -0.0562, 0.0842, 0.2381, 0.9676, -0.1048, -0.9635, 0.2462, -12.5605, 0.0007, 0.064, 0.0028], [-0.1949, -0.0332, 0.0308, 0.9932, 0.0834, -0.081, 0.0902, -0.1136, 0.9894, 0.0733, -0.99, -0.1204, 2.5495, 0.0146, 0.0299, 0.0016], [0.195, -0.0353, 0.0317, -0.9932, 0.0838, -0.0803, -0.0895, -0.1132, 0.9895, -0.0738, -0.99, -0.1199, 2.5555, 0.0146, 0.0299, 0.0016], [0.3394, 0.2021, 0.3568, -0.9998, -0.0075, 0.019, 0.0201, -0.1946, 0.9807, 0.0036, -0.9808, -0.1948, 1.0257, 0.0003, 0.0014, 0.0524], [-0.338, 0.2015, 0.3575, 0.9998, -0.0061, 0.0174, -0.0182, -0.1944, 0.9808, -0.0027, -0.9809, -0.1944, 1.0165, 0.0003, 0.0014, 0.0525], [-0.1541, 0.172, 0.3608, 0.9998, -0.0168, -0.0084, 0.006, -0.1385, 0.9903, -0.0178, -0.9902, -0.1384, 2.3619, 0.0118, 0.0013, 0.0354], [0.1514, 0.1725, 0.3608, -0.9998, -0.0176, -0.0073, -0.0048, -0.138, 0.9904, 0.0184, -0.9903, -0.1379, 2.3623, 0.0118, 0.0013, 0.0354], [-0.3226, -0.3249, 0.3647, 0.9984, -0.0441, 0.0364, -0.0272, 0.1938, 0.9807, -0.0503, -0.98, 0.1923, 0.9375, 0.0004, 0.0003, 0.038], [0.3193, -0.3245, 0.3648, -0.9984, -0.0436, 0.0352, 0.0261, 0.1938, 0.9807, 0.0496, -0.9801, 0.1923, 0.9371, 0.0004, 0.0003, 0.038], [0.1653, 0.5585, 0.4207, -0.9999, -0.0099, -0.0027, -0.001, -0.1724, 0.985, 0.0102, -0.985, -0.1724, 1.4206, 0.0127, 0.0009, 0.0066], [-0.1656, 0.5595, 0.4219, 1.0, -0.0082, -0.0033, 0.0018, -0.171, 0.9853, -0.0087, -0.9852, -0.171, 1.4193, 0.0127, 0.0009, 0.0066]]. I want to see the version of this chair with open back. To make chair with open back, you have to modify the parts of [8, 9, 10, 11, 14] based on the charactersics of 16 latens vectors; Mu, Eigenvectors, Eigenvalue and Pi"}, {"role": "assistant", "content": "[[-0.3281, -0.3434, -0.4273, 0.9999, -0.0101, -0.0129, 0.0121, -0.0803, 0.9967, -0.0111, -0.9967, -0.0801, 0.7866, 0.0002, 0.0003, 0.0398], [0.3323, -0.3418, -0.4251, -0.9998, -0.0091, -0.0159, -0.0151, -0.0823, 0.9965, 0.0104, -0.9966, -0.0821, 0.7878, 0.0002, 0.0003, 0.0397], [0.1874, -0.0043, -0.3434, 0.9924, -0.1061, 0.0624, -0.0561, 0.0611, 0.9966, -0.1096, -0.9925, 0.0547, 1.5254, 0.015, 0.005, 0.0014], [-0.1872, -0.0083, -0.3412, -0.9921, -0.1073, 0.0651, 0.0585, 0.063, 0.9963, 0.111, -0.9922, 0.0562, 1.5299, 0.015, 0.005, 0.0014], [-0.0956, -0.3829, -0.0537, -0.9906, -0.1255, -0.0544, -0.0831, 0.2361, 0.9682, 0.1087, -0.9636, 0.2444, -12.5519, 0.0006, 0.064, 0.0029], [0.0889, -0.3808, -0.0537, 0.9909, -0.1222, -0.0562, 0.0842, 0.2381, 0.9676, -0.1048, -0.9635, 0.2462, -12.5605, 0.0007, 0.064, 0.0028], [-0.1949, -0.0332, 0.0308, 0.9932, 0.0834, -0.081, 0.0902, -0.1136, 0.9894, 0.0733, -0.99, -0.1204, 2.5495, 0.0146, 0.0299, 0.0016], [0.195, -0.0353, 0.0317, -0.9932, 0.0838, -0.0803, -0.0895, -0.1132, 0.9895, -0.0738, -0.99, -0.1199, 2.5555, 0.0146, 0.0299, 0.0016], [0.336, 0.3058, 0.3426, -0.9998, -0.0036, 0.0213, 0.0218, -0.0972, 0.9902, 0.0016, -0.9904, -0.0973, 1.0354, 0.0003, 0.0009, 0.0478], [-0.3357, 0.3064, 0.3439, 0.9998, -0.0027, 0.0208, -0.0212, -0.0971, 0.9902, -0.001, -0.9905, -0.0971, 1.0319, 0.0003, 0.0009, 0.0479], [-0.1414, 0.2016, 0.3223, 0.9997, -0.0237, -0.0079, 0.0099, 0.0367, 0.9838, -0.023, -0.9835, 0.0369, -3.946, 0.0078, 0.0013, 0.0405], [0.1399, 0.2025, 0.3221, -0.9997, -0.0234, -0.0064, -0.0082, 0.037, 0.9838, 0.0229, -0.9836, 0.0372, -3.941, 0.0078, 0.0013, 0.0405], [-0.3226, -0.3249, 0.3647, 0.9984, -0.0441, 0.0364, -0.0272, 0.1938, 0.9807, -0.0503, -0.98, 0.1923, 0.9375, 0.0004, 0.0003, 0.038], [0.3193, -0.3245, 0.3648, -0.9984, -0.0436, 0.0352, 0.0261, 0.1938, 0.9807, 0.0496, -0.9801, 0.1923, 0.9371, 0.0004, 0.0003, 0.038], [0.1672, 0.6404, 0.3757, -0.9996, 0.0153, -0.0006, 0.0002, -0.0879, 0.9925, -0.0152, -0.9921, -0.0879, 0.9064, 0.0118, 0.0005, 0.0035], [-0.1656, 0.5595, 0.4219, 1.0, -0.0082, -0.0033, 0.0018, -0.171, 0.9853, -0.0087, -0.9852, -0.171, 1.4193, 0.0127, 0.0009, 0.0066]]"}]}
{"messages": [{"role": "system", "content": "As an AI assistant, I have the capability to understand and work with the 256 data points of a chair's 3D model. This model is comprised of 16 parts, each represented by 16 latent vectors. The structure of these vectors is critical for accurate modifications: Position (Mu): The first three values of each vector represent Mu, indicating the average position or central point of each part. To modify a part's position, adjust these Mu values. For example, increasing the Mu value in the Y-axis elevates the backrest.; Shape (Eigenvectors): The next nine values form a 3x3 eigenvector matrix. This matrix, which must be normalized and symmetric, represents the principal axes of variation for each part. Changing the shape of a part involves adjusting these eigenvectors. For instance, to alter the seat's shape, modify its eigenvectors accordingly.; Feature Importance (Pi): The twelfth value is Pi, denoting the relative importance or weight of a feature. Adjusting Pi values can emphasize or de-emphasize certain features of the chair. For example, increasing Pi for the backrest can highlight its design.; Size/Proportion (Eigenvalues): The remaining values are positive eigenvalues, indicating the extent of variation along the principal axes. To change the size or proportion of chair parts, these eigenvalues must be adjusted. For example, reducing the eigenvalues can result in thinner chair legs.; When making modifications, such as changing the shape, size, or other features of the chair, these latent vectors need to be adjusted accordingly. It is crucial to maintain a balance in the overall design and ensure that each part's adjustments are accurately represented in the overall 256 vectors. You need to provide me with the entire extrinsic latent data of a chair based on the modifications specified using adjectives for components like back, seat, legs, and arms which indicated provided indices of parts"}, {"role": "user", "content": "The extrinsic latent vectors of this chair are: [[-0.3281, -0.3434, -0.4273, 0.9999, -0.0101, -0.0129, 0.0121, -0.0803, 0.9967, -0.0111, -0.9967, -0.0801, 0.7866, 0.0002, 0.0003, 0.0398], [0.3323, -0.3418, -0.4251, -0.9998, -0.0091, -0.0159, -0.0151, -0.0823, 0.9965, 0.0104, -0.9966, -0.0821, 0.7878, 0.0002, 0.0003, 0.0397], [0.1874, -0.0043, -0.3434, 0.9924, -0.1061, 0.0624, -0.0561, 0.0611, 0.9966, -0.1096, -0.9925, 0.0547, 1.5254, 0.015, 0.005, 0.0014], [-0.1872, -0.0083, -0.3412, -0.9921, -0.1073, 0.0651, 0.0585, 0.063, 0.9963, 0.111, -0.9922, 0.0562, 1.5299, 0.015, 0.005, 0.0014], [-0.0956, -0.3829, -0.0537, -0.9906, -0.1255, -0.0544, -0.0831, 0.2361, 0.9682, 0.1087, -0.9636, 0.2444, -12.5519, 0.0006, 0.064, 0.0029], [0.0889, -0.3808, -0.0537, 0.9909, -0.1222, -0.0562, 0.0842, 0.2381, 0.9676, -0.1048, -0.9635, 0.2462, -12.5605, 0.0007, 0.064, 0.0028], [-0.1949, -0.0332, 0.0308, 0.9932, 0.0834, -0.081, 0.0902, -0.1136, 0.9894, 0.0733, -0.99, -0.1204, 2.5495, 0.0146, 0.0299, 0.0016], [0.195, -0.0353, 0.0317, -0.9932, 0.0838, -0.0803, -0.0895, -0.1132, 0.9895, -0.0738, -0.99, -0.1199, 2.5555, 0.0146, 0.0299, 0.0016], [0.3394, 0.2021, 0.3568, -0.9998, -0.0075, 0.019, 0.0201, -0.1946, 0.9807, 0.0036, -0.9808, -0.1948, 1.0257, 0.0003, 0.0014, 0.0524], [-0.338, 0.2015, 0.3575, 0.9998, -0.0061, 0.0174, -0.0182, -0.1944, 0.9808, -0.0027, -0.9809, -0.1944, 1.0165, 0.0003, 0.0014, 0.0525], [-0.1541, 0.172, 0.3608, 0.9998, -0.0168, -0.0084, 0.006, -0.1385, 0.9903, -0.0178, -0.9902, -0.1384, 2.3619, 0.0118, 0.0013, 0.0354], [0.1514, 0.1725, 0.3608, -0.9998, -0.0176, -0.0073, -0.0048, -0.138, 0.9904, 0.0184, -0.9903, -0.1379, 2.3623, 0.0118, 0.0013, 0.0354], [-0.3226, -0.3249, 0.3647, 0.9984, -0.0441, 0.0364, -0.0272, 0.1938, 0.9807, -0.0503, -0.98, 0.1923, 0.9375, 0.0004, 0.0003, 0.038], [0.3193, -0.3245, 0.3648, -0.9984, -0.0436, 0.0352, 0.0261, 0.1938, 0.9807, 0.0496, -0.9801, 0.1923, 0.9371, 0.0004, 0.0003, 0.038], [0.1653, 0.5585, 0.4207, -0.9999, -0.0099, -0.0027, -0.001, -0.1724, 0.985, 0.0102, -0.985, -0.1724, 1.4206, 0.0127, 0.0009, 0.0066], [-0.1656, 0.5595, 0.4219, 1.0, -0.0082, -0.0033, 0.0018, -0.171, 0.9853, -0.0087, -0.9852, -0.171, 1.4193, 0.0127, 0.0009, 0.0066]]. I want to see the version of this chair with thick leg. To make chair with thick leg, you have to modify the parts of [0, 1, 4, 5, 12, 13] based on the charactersics of 16 latens vectors; Mu, Eigenvectors, Eigenvalue and Pi"}, {"role": "assistant", "content": "[[-0.2704, -0.402, -0.318, 0.9557, -0.0042, -0.212, 0.2116, -0.0475, 0.9541, -0.0078, -0.9983, -0.0471, 1.4948, 0.0014, 0.0016, 0.0447], [0.2698, -0.4009, -0.3171, -0.9555, -0.0031, -0.2141, -0.2137, -0.0485, 0.9537, 0.007, -0.9982, -0.0484, 1.4935, 0.0014, 0.0016, 0.0447], [0.1874, -0.0043, -0.3434, 0.9924, -0.1061, 0.0624, -0.0561, 0.0611, 0.9966, -0.1096, -0.9925, 0.0547, 1.5254, 0.015, 0.005, 0.0014], [-0.1872, -0.0083, -0.3412, -0.9921, -0.1073, 0.0651, 0.0585, 0.063, 0.9963, 0.111, -0.9922, 0.0562, 1.5299, 0.015, 0.005, 0.0014], [-0.0904, -0.2711, -0.0289, -0.271, -0.5095, -0.0178, 0.047, 0.1728, 0.9731, -0.3837, -0.6995, 0.2259, -12.5302, 0.0006, 0.032, 0.0034], [0.0891, -0.2715, -0.0296, 0.2687, -0.5066, -0.0186, -0.047, 0.1748, 0.9726, 0.3842, -0.7018, 0.2278, -12.5404, 0.0007, 0.0321, 0.0034], [-0.1949, -0.0332, 0.0308, 0.9932, 0.0834, -0.081, 0.0902, -0.1136, 0.9894, 0.0733, -0.99, -0.1204, 2.5495, 0.0146, 0.0299, 0.0016], [0.195, -0.0353, 0.0317, -0.9932, 0.0838, -0.0803, -0.0895, -0.1132, 0.9895, -0.0738, -0.99, -0.1199, 2.5555, 0.0146, 0.0299, 0.0016], [0.3394, 0.2021, 0.3568, -0.9998, -0.0075, 0.019, 0.0201, -0.1946, 0.9807, 0.0036, -0.9808, -0.1948, 1.0257, 0.0003, 0.0014, 0.0524], [-0.338, 0.2015, 0.3575, 0.9998, -0.0061, 0.0174, -0.0182, -0.1944, 0.9808, -0.0027, -0.9809, -0.1944, 1.0165, 0.0003, 0.0014, 0.0525], [-0.1541, 0.172, 0.3608, 0.9998, -0.0168, -0.0084, 0.006, -0.1385, 0.9903, -0.0178, -0.9902, -0.1384, 2.3619, 0.0118, 0.0013, 0.0354], [0.1514, 0.1725, 0.3608, -0.9998, -0.0176, -0.0073, -0.0048, -0.138, 0.9904, 0.0184, -0.9903, -0.1379, 2.3623, 0.0118, 0.0013, 0.0354], [-0.2472, -0.3522, 0.2954, 0.9973, -0.0262, 0.0613, -0.0567, 0.0891, 0.9884, -0.0286, -0.9899, 0.088, 1.4689, 0.001, 0.0015, 0.0517], [0.2436, -0.3528, 0.2954, -0.9973, -0.026, 0.061, 0.0565, 0.0891, 0.9884, 0.0283, -0.99, 0.0881, 1.4702, 0.001, 0.0015, 0.0517], [0.1653, 0.5585, 0.4207, -0.9999, -0.0099, -0.0027, -0.001, -0.1724, 0.985, 0.0102, -0.985, -0.1724, 1.4206, 0.0127, 0.0009, 0.0066], [-0.1656, 0.5595, 0.4219, 1.0, -0.0082, -0.0033, 0.0018, -0.171, 0.9853, -0.0087, -0.9852, -0.171, 1.4193, 0.0127, 0.0009, 0.0066]]"}]}
{"messages": [{"role": "system", "content": "As an AI assistant, I have the capability to understand and work with the 256 data points of a chair's 3D model. This model is comprised of 16 parts, each represented by 16 latent vectors. The structure of these vectors is critical for accurate modifications: Position (Mu): The first three values of each vector represent Mu, indicating the average position or central point of each part. To modify a part's position, adjust these Mu values. For example, increasing the Mu value in the Y-axis elevates the backrest.; Shape (Eigenvectors): The next nine values form a 3x3 eigenvector matrix. This matrix, which must be normalized and symmetric, represents the principal axes of variation for each part. Changing the shape of a part involves adjusting these eigenvectors. For instance, to alter the seat's shape, modify its eigenvectors accordingly.; Feature Importance (Pi): The twelfth value is Pi, denoting the relative importance or weight of a feature. Adjusting Pi values can emphasize or de-emphasize certain features of the chair. For example, increasing Pi for the backrest can highlight its design.; Size/Proportion (Eigenvalues): The remaining values are positive eigenvalues, indicating the extent of variation along the principal axes. To change the size or proportion of chair parts, these eigenvalues must be adjusted. For example, reducing the eigenvalues can result in thinner chair legs.; When making modifications, such as changing the shape, size, or other features of the chair, these latent vectors need to be adjusted accordingly. It is crucial to maintain a balance in the overall design and ensure that each part's adjustments are accurately represented in the overall 256 vectors. You need to provide me with the entire extrinsic latent data of a chair based on the modifications specified using adjectives for components like back, seat, legs, and arms which indicated provided indices of parts"}, {"role": "user", "content": "The extrinsic latent vectors of this chair are: [[-0.1621, -0.0729, -0.2706, -0.9956, -0.0937, 0.0053, 0.002, 0.0352, 0.9994, 0.0938, -0.995, 0.0348, 0.689, 0.0079, 0.0002, 0.0051], [0.1653, -0.0732, -0.27, 0.9957, -0.0922, 0.0054, -0.0023, 0.0333, 0.9994, -0.0924, -0.9952, 0.033, 0.6915, 0.0079, 0.0003, 0.0051], [0.2072, -0.4601, -0.2091, -0.9111, 0.0028, -0.4122, -0.4122, -0.0148, 0.911, 0.0035, -0.9999, -0.0147, 2.1992, 0.0025, 0.0029, 0.0496], [-0.2127, -0.4607, -0.2086, 0.9116, 0.0018, -0.4111, 0.4111, -0.0147, 0.9115, -0.0044, -0.9999, -0.0141, 2.2029, 0.0025, 0.0029, 0.0496], [-0.1417, -0.0203, -0.0418, 0.9986, 0.0092, 0.0517, -0.0517, 0.0001, 0.9987, 0.0092, -1.0, 0.0006, 1.8548, 0.0089, 0.0157, 0.0024], [0.1419, -0.0185, -0.0409, -0.9986, 0.0094, 0.0524, 0.0524, 0.0001, 0.9986, -0.0094, -1.0, 0.0006, 1.8532, 0.0089, 0.0157, 0.0024], [0.0893, -0.1623, -0.0056, -0.4536, -0.891, 0.019, -0.1782, 0.1116, 0.9776, 0.8732, -0.4401, 0.2094, -12.5202, 0.0006, 0.0001, 0.0039], [-0.0851, -0.1592, -0.0041, 0.4486, -0.8935, 0.0188, 0.1771, 0.1095, 0.9781, -0.876, -0.4354, 0.2074, -12.5085, 0.0006, 0.0001, 0.0039], [0.1308, 0.7319, 0.1982, -0.9995, 0.0265, -0.0144, -0.0118, 0.0965, 0.9953, -0.0278, -0.995, 0.0962, 0.9505, 0.0083, 0.0025, 0.0038], [-0.1277, 0.732, 0.1984, 0.9995, 0.028, -0.0161, 0.0133, 0.0979, 0.9951, 0.0294, -0.9948, 0.0975, 0.947, 0.0083, 0.0026, 0.0038], [0.1179, 0.341, 0.1992, -0.9972, 0.0753, 0.0045, 0.0048, 0.0034, 1.0, -0.0753, -0.9972, 0.0037, 2.1054, 0.0067, 0.0027, 0.0476], [-0.1174, 0.3417, 0.1999, 0.9971, 0.0766, 0.0039, -0.0042, 0.0036, 1.0, 0.0766, -0.9971, 0.0039, 2.1069, 0.0067, 0.0027, 0.0476], [-0.2646, -0.0541, 0.2087, 0.9998, 0.0155, -0.012, 0.0117, 0.0175, 0.9998, 0.0157, -0.9997, 0.0174, 1.6437, 0.0002, 0.0026, 0.1945], [0.2618, -0.0552, 0.2112, -0.9998, 0.0133, -0.0123, -0.0121, 0.0196, 0.9997, -0.0135, -0.9997, 0.0195, 1.6396, 0.0002, 0.0026, 0.1945], [-0.1718, -0.3796, 0.2261, 0.9962, -0.0084, 0.0862, -0.0863, -0.0156, 0.9961, -0.007, -0.9998, -0.0163, 2.0004, 0.0017, 0.0026, 0.0655], [0.168, -0.3812, 0.2261, -0.9962, -0.0084, 0.0868, 0.0869, -0.0155, 0.9961, 0.007, -0.9998, -0.0161, 2.0034, 0.0017, 0.0027, 0.0654]]. I want to see the version of this chair with open back. To make chair with open back, you have to modify the parts of [8, 9, 10, 11, 12, 13] based on the charactersics of 16 latens vectors; Mu, Eigenvectors, Eigenvalue and Pi"}, {"role": "assistant", "content": "[[-0.1621, -0.0729, -0.2706, -0.9956, -0.0937, 0.0053, 0.002, 0.0352, 0.9994, 0.0938, -0.995, 0.0348, 0.689, 0.0079, 0.0002, 0.0051], [0.1653, -0.0732, -0.27, 0.9957, -0.0922, 0.0054, -0.0023, 0.0333, 0.9994, -0.0924, -0.9952, 0.033, 0.6915, 0.0079, 0.0003, 0.0051], [0.2072, -0.4601, -0.2091, -0.9111, 0.0028, -0.4122, -0.4122, -0.0148, 0.911, 0.0035, -0.9999, -0.0147, 2.1992, 0.0025, 0.0029, 0.0496], [-0.2127, -0.4607, -0.2086, 0.9116, 0.0018, -0.4111, 0.4111, -0.0147, 0.9115, -0.0044, -0.9999, -0.0141, 2.2029, 0.0025, 0.0029, 0.0496], [-0.1417, -0.0203, -0.0418, 0.9986, 0.0092, 0.0517, -0.0517, 0.0001, 0.9987, 0.0092, -1.0, 0.0006, 1.8548, 0.0089, 0.0157, 0.0024], [0.1419, -0.0185, -0.0409, -0.9986, 0.0094, 0.0524, 0.0524, 0.0001, 0.9986, -0.0094, -1.0, 0.0006, 1.8532, 0.0089, 0.0157, 0.0024], [0.0893, -0.1623, -0.0056, -0.4536, -0.891, 0.019, -0.1782, 0.1116, 0.9776, 0.8732, -0.4401, 0.2094, -12.5202, 0.0006, 0.0001, 0.0039], [-0.0851, -0.1592, -0.0041, 0.4486, -0.8935, 0.0188, 0.1771, 0.1095, 0.9781, -0.876, -0.4354, 0.2074, -12.5085, 0.0006, 0.0001, 0.0039], [0.1574, 0.6363, 0.2951, -0.9997, 0.0079, -0.0159, -0.013, -0.0727, 0.9827, -0.0066, -0.9826, -0.0728, 1.2608, 0.0103, 0.0015, 0.0051], [-0.1544, 0.6368, 0.2951, 0.9996, 0.0084, -0.0173, 0.0143, -0.0722, 0.9826, 0.007, -0.9825, -0.0723, 1.2593, 0.0103, 0.0015, 0.005], [0.1181, 0.2772, 0.2634, -0.9918, -0.0177, -0.0579, -0.0747, 0.4387, 0.7303, -0.0647, -0.7351, 0.4416, -6.0627, 0.005, 0.0025, 0.0268], [-0.1198, 0.2778, 0.2643, 0.9921, -0.0153, -0.0569, 0.0729, 0.4387, 0.7312, 0.0649, -0.7356, 0.4413, -6.0462, 0.005, 0.0025, 0.0268], [-0.2719, 0.1018, 0.3123, 0.9992, -0.0112, -0.0234, 0.0212, -0.043, 0.997, -0.0128, -0.9968, -0.0424, 1.2817, 0.0002, 0.0015, 0.1197], [0.2709, 0.102, 0.314, -0.9992, -0.0125, -0.0241, -0.0219, -0.042, 0.9969, 0.0142, -0.9968, -0.0414, 1.2807, 0.0002, 0.0015, 0.1197], [-0.1718, -0.3796, 0.2261, 0.9962, -0.0084, 0.0862, -0.0863, -0.0156, 0.9961, -0.007, -0.9998, -0.0163, 2.0004, 0.0017, 0.0026, 0.0655], [0.168, -0.3812, 0.2261, -0.9962, -0.0084, 0.0868, 0.0869, -0.0155, 0.9961, 0.007, -0.9998, -0.0161, 2.0034, 0.0017, 0.0027, 0.0654]]"}]}
{"messages": [{"role": "system", "content": "As an AI assistant, I have the capability to understand and work with the 256 data points of a chair's 3D model. This model is comprised of 16 parts, each represented by 16 latent vectors. The structure of these vectors is critical for accurate modifications: Position (Mu): The first three values of each vector represent Mu, indicating the average position or central point of each part. To modify a part's position, adjust these Mu values. For example, increasing the Mu value in the Y-axis elevates the backrest.; Shape (Eigenvectors): The next nine values form a 3x3 eigenvector matrix. This matrix, which must be normalized and symmetric, represents the principal axes of variation for each part. Changing the shape of a part involves adjusting these eigenvectors. For instance, to alter the seat's shape, modify its eigenvectors accordingly.; Feature Importance (Pi): The twelfth value is Pi, denoting the relative importance or weight of a feature. Adjusting Pi values can emphasize or de-emphasize certain features of the chair. For example, increasing Pi for the backrest can highlight its design.; Size/Proportion (Eigenvalues): The remaining values are positive eigenvalues, indicating the extent of variation along the principal axes. To change the size or proportion of chair parts, these eigenvalues must be adjusted. For example, reducing the eigenvalues can result in thinner chair legs.; When making modifications, such as changing the shape, size, or other features of the chair, these latent vectors need to be adjusted accordingly. It is crucial to maintain a balance in the overall design and ensure that each part's adjustments are accurately represented in the overall 256 vectors. You need to provide me with the entire extrinsic latent data of a chair based on the modifications specified using adjectives for components like back, seat, legs, and arms which indicated provided indices of parts"}, {"role": "user", "content": "The extrinsic latent vectors of this chair are: [[-0.2903, -0.4368, -0.2972, 0.9999, 0.0072, -0.0129, 0.0136, -0.1178, 0.9929, 0.0056, -0.993, -0.1178, 1.1438, 0.0002, 0.0006, 0.0408], [0.2882, -0.4377, -0.2962, -0.9999, 0.0095, -0.0115, -0.0125, -0.1183, 0.9929, -0.0081, -0.9929, -0.1184, 1.1488, 0.0002, 0.0006, 0.0407], [0.1469, -0.0942, -0.2449, 0.9997, -0.0236, -0.001, 0.0047, 0.1592, 0.9872, -0.0231, -0.987, 0.1593, 0.8608, 0.0102, 0.0022, 0.0009], [-0.1435, -0.0951, -0.2445, -0.9997, -0.0229, 0.0006, -0.003, 0.1604, 0.987, 0.0227, -0.9868, 0.1605, 0.8579, 0.0102, 0.0022, 0.001], [-0.2146, -0.0746, -0.0617, 0.3065, -0.9512, -0.0354, 0.3747, 0.0864, 0.9231, -0.875, -0.2962, 0.3829, -13.9819, 0.0001, 0.0056, 0.0037], [0.2143, -0.0779, -0.0606, -0.3092, -0.9503, -0.0357, -0.374, 0.087, 0.9233, 0.8744, -0.2988, 0.3824, -13.9803, 0.0001, 0.0056, 0.0036], [0.1585, -0.0872, 0.0307, -0.9952, 0.0197, -0.0961, -0.0959, 0.0129, 0.9953, -0.0208, -0.9997, 0.011, 2.1065, 0.0106, 0.0206, 0.0011], [-0.1572, -0.0884, 0.0338, 0.9951, 0.0192, -0.0966, 0.0963, 0.0123, 0.9953, 0.0203, -0.9997, 0.0104, 2.1031, 0.0106, 0.0206, 0.0011], [0.1317, 0.2139, 0.2729, -1.0, -0.0084, 0.003, 0.0033, -0.0274, 0.9996, 0.0083, -0.9996, -0.0274, 2.2734, 0.0087, 0.0011, 0.0379], [-0.1331, 0.2145, 0.2741, 1.0, -0.0097, 0.0023, -0.0026, -0.0276, 0.9996, -0.0096, -0.9996, -0.0276, 2.2738, 0.0087, 0.0011, 0.0379], [0.2938, 0.3239, 0.2842, -0.9996, -0.0109, 0.0277, 0.028, -0.0229, 0.9993, 0.0102, -0.9997, -0.0232, 1.0713, 0.0003, 0.0007, 0.0706], [-0.2949, 0.3243, 0.2847, 0.9996, -0.0102, 0.0275, -0.0277, -0.0227, 0.9994, -0.0096, -0.9997, -0.0229, 1.0694, 0.0003, 0.0007, 0.0706], [0.284, -0.4188, 0.2957, -0.9999, -0.0018, -0.0098, -0.01, 0.1171, 0.9931, 0.0006, -0.9931, 0.1171, 1.1553, 0.0002, 0.0007, 0.0494], [-0.2846, -0.4212, 0.2959, 0.9999, -0.003, -0.0099, 0.0102, 0.1167, 0.9931, -0.0018, -0.9932, 0.1167, 1.1575, 0.0002, 0.0006, 0.0494], [0.1329, 0.6236, 0.2962, -0.9994, 0.0256, 0.0232, 0.0208, -0.0922, 0.9955, -0.0276, -0.9954, -0.0916, 1.5103, 0.0087, 0.001, 0.008], [-0.1348, 0.6224, 0.2965, 0.9994, 0.0249, 0.0251, -0.0227, -0.0927, 0.9954, 0.0272, -0.9954, -0.092, 1.5123, 0.0087, 0.001, 0.0081]]. I want to see the version of this chair with short and thick leg. To make chair with short and thick leg, you have to modify the parts of [0, 1, 10, 11, 12, 13] based on the charactersics of 16 latens vectors; Mu, Eigenvectors, Eigenvalue and Pi"}, {"role": "assistant", "content": "[[-0.3065, -0.4425, -0.3043, 0.9996, 0.0115, 0.0112, -0.0109, -0.0555, 0.9961, 0.0106, -0.9964, -0.0552, 1.3586, 0.0008, 0.0012, 0.0366], [0.3042, -0.4437, -0.3036, -0.9996, 0.0126, 0.0115, 0.0111, -0.0552, 0.9961, -0.0118, -0.9964, -0.055, 1.365, 0.0008, 0.0012, 0.0366], [0.1469, -0.0942, -0.2449, 0.9997, -0.0236, -0.001, 0.0047, 0.1592, 0.9872, -0.0231, -0.987, 0.1593, 0.8608, 0.0102, 0.0022, 0.0009], [-0.1435, -0.0951, -0.2445, -0.9997, -0.0229, 0.0006, -0.003, 0.1604, 0.987, 0.0227, -0.9868, 0.1605, 0.8579, 0.0102, 0.0022, 0.001], [-0.2146, -0.0746, -0.0617, 0.3065, -0.9512, -0.0354, 0.3747, 0.0864, 0.9231, -0.875, -0.2962, 0.3829, -13.9819, 0.0001, 0.0056, 0.0037], [0.2143, -0.0779, -0.0606, -0.3092, -0.9503, -0.0357, -0.374, 0.087, 0.9233, 0.8744, -0.2988, 0.3824, -13.9803, 0.0001, 0.0056, 0.0036], [0.1585, -0.0872, 0.0307, -0.9952, 0.0197, -0.0961, -0.0959, 0.0129, 0.9953, -0.0208, -0.9997, 0.011, 2.1065, 0.0106, 0.0206, 0.0011], [-0.1572, -0.0884, 0.0338, 0.9951, 0.0192, -0.0966, 0.0963, 0.0123, 0.9953, 0.0203, -0.9997, 0.0104, 2.1031, 0.0106, 0.0206, 0.0011], [0.1317, 0.2139, 0.2729, -1.0, -0.0084, 0.003, 0.0033, -0.0274, 0.9996, 0.0083, -0.9996, -0.0274, 2.2734, 0.0087, 0.0011, 0.0379], [-0.1331, 0.2145, 0.2741, 1.0, -0.0097, 0.0023, -0.0026, -0.0276, 0.9996, -0.0096, -0.9996, -0.0276, 2.2738, 0.0087, 0.0011, 0.0379], [0.3267, 0.1236, 0.3039, -0.9997, -0.0063, 0.0086, 0.0087, -0.0219, 0.9995, 0.0061, -0.9997, -0.022, 1.2379, 0.0002, 0.0009, 0.1138], [-0.3271, 0.1239, 0.3031, 0.9998, -0.0054, 0.008, -0.0081, -0.0217, 0.9995, -0.0052, -0.9997, -0.0219, 1.2387, 0.0002, 0.0009, 0.1139], [0.2888, -0.4084, 0.3098, -0.9998, -0.0092, -0.016, -0.0161, 0.0623, 0.9964, 0.0085, -0.9965, 0.0625, 1.4079, 0.0008, 0.001, 0.0501], [-0.2884, -0.4099, 0.3099, 0.9998, -0.0094, -0.016, 0.0162, 0.0618, 0.9964, -0.0087, -0.9965, 0.062, 1.4107, 0.0008, 0.001, 0.0501], [0.1329, 0.6236, 0.2962, -0.9994, 0.0256, 0.0232, 0.0208, -0.0922, 0.9955, -0.0276, -0.9954, -0.0916, 1.5103, 0.0087, 0.001, 0.008], [-0.1348, 0.6224, 0.2965, 0.9994, 0.0249, 0.0251, -0.0227, -0.0927, 0.9954, 0.0272, -0.9954, -0.092, 1.5123, 0.0087, 0.001, 0.0081]]"}]}
{"messages": [{"role": "system", "content": "As an AI assistant, I have the capability to understand and work with the 256 data points of a chair's 3D model. This model is comprised of 16 parts, each represented by 16 latent vectors. The structure of these vectors is critical for accurate modifications: Position (Mu): The first three values of each vector represent Mu, indicating the average position or central point of each part. To modify a part's position, adjust these Mu values. For example, increasing the Mu value in the Y-axis elevates the backrest.; Shape (Eigenvectors): The next nine values form a 3x3 eigenvector matrix. This matrix, which must be normalized and symmetric, represents the principal axes of variation for each part. Changing the shape of a part involves adjusting these eigenvectors. For instance, to alter the seat's shape, modify its eigenvectors accordingly.; Feature Importance (Pi): The twelfth value is Pi, denoting the relative importance or weight of a feature. Adjusting Pi values can emphasize or de-emphasize certain features of the chair. For example, increasing Pi for the backrest can highlight its design.; Size/Proportion (Eigenvalues): The remaining values are positive eigenvalues, indicating the extent of variation along the principal axes. To change the size or proportion of chair parts, these eigenvalues must be adjusted. For example, reducing the eigenvalues can result in thinner chair legs.; When making modifications, such as changing the shape, size, or other features of the chair, these latent vectors need to be adjusted accordingly. It is crucial to maintain a balance in the overall design and ensure that each part's adjustments are accurately represented in the overall 256 vectors. You need to provide me with the entire extrinsic latent data of a chair based on the modifications specified using adjectives for components like back, seat, legs, and arms which indicated provided indices of parts"}, {"role": "user", "content": "The extrinsic latent vectors of this chair are: [[0.3071, -0.3956, -0.3427, -0.6873, -0.0018, 0.7264, 0.7262, 0.0183, 0.6872, 0.0145, -0.9998, 0.0112, 0.5062, 0.0001, 0.0003, 0.0429], [-0.3087, -0.3916, -0.3396, 0.6894, -0.0043, 0.7244, -0.7242, 0.0174, 0.6893, -0.0156, -0.9998, 0.0089, 0.5022, 0.0001, 0.0003, 0.0429], [-0.1536, -0.0395, -0.1468, -0.9975, 0.0127, -0.0694, -0.0695, -0.0097, 0.9975, -0.012, -0.9999, -0.0106, 2.3323, 0.0115, 0.0175, 0.0005], [0.1552, -0.0406, -0.1448, 0.9975, 0.0115, -0.0691, 0.0692, -0.0087, 0.9976, 0.0109, -0.9999, -0.0095, 2.3331, 0.0115, 0.0175, 0.0005], [0.2215, -0.4023, -0.0768, 0.9572, -0.2587, -0.1295, 0.1659, 0.124, 0.9783, -0.237, -0.958, 0.1617, -9.6745, 0.0023, 0.0443, 0.0006], [-0.2216, -0.4047, -0.0768, -0.9575, -0.2569, -0.1307, -0.1667, 0.1235, 0.9782, 0.2352, -0.9585, 0.1611, -9.6665, 0.0023, 0.0443, 0.0006], [-0.158, -0.0393, 0.1879, 0.8888, -0.0082, 0.4582, -0.4582, 0.0056, 0.8888, -0.0099, -1.0, 0.0012, 1.9632, 0.0132, 0.0093, 0.0005], [0.1595, -0.0394, 0.1886, -0.8891, -0.0082, 0.4577, 0.4576, 0.0058, 0.8891, 0.0099, -1.0, 0.0014, 1.9594, 0.0132, 0.0092, 0.0004], [0.311, -0.3379, 0.3133, -0.8961, -0.0034, -0.4439, -0.4439, -0.0013, 0.8961, 0.0036, -1.0, 0.0004, 1.2639, 0.0003, 0.0004, 0.0712], [-0.3127, -0.3387, 0.3142, 0.8963, -0.0032, -0.4435, 0.4435, -0.0018, 0.8963, -0.0037, -1.0, -0.0002, 1.2625, 0.0003, 0.0005, 0.0713], [0.2597, 0.3535, 0.3379, -0.9662, 0.0725, 0.2472, 0.2475, -0.0052, 0.9689, -0.0715, -0.9974, 0.0129, 1.5662, 0.0022, 0.0001, 0.0494], [-0.2591, 0.3533, 0.3383, 0.9662, 0.072, 0.2477, -0.248, -0.0044, 0.9687, 0.0709, -0.9974, 0.0136, 1.5643, 0.0022, 0.0002, 0.0495], [0.1047, 0.229, 0.3535, -0.9998, -0.0182, 0.0054, 0.0055, -0.0059, 1.0, 0.0182, -0.9998, -0.006, 0.6338, 0.0057, 0.0001, 0.0323], [-0.104, 0.2295, 0.3542, 0.9998, -0.0201, 0.0057, -0.0059, -0.0064, 1.0, -0.0201, -0.9998, -0.0065, 0.6299, 0.0057, 0.0001, 0.0323], [0.1139, 0.6314, 0.3567, -0.9975, -0.0651, 0.0269, 0.0276, -0.0105, 0.9996, 0.0648, -0.9978, -0.0123, 1.2915, 0.0066, 0.0002, 0.0075], [-0.1133, 0.6309, 0.3572, 0.9975, -0.0661, 0.0267, -0.0275, -0.0107, 0.9996, -0.0658, -0.9978, -0.0125, 1.2942, 0.0066, 0.0001, 0.0075]]. I want to see the version of this chair with round back. To make chair with round back, you have to modify the parts of [10, 11, 14, 15] based on the charactersics of 16 latens vectors; Mu, Eigenvectors, Eigenvalue and Pi"}, {"role": "assistant", "content": "[[0.3071, -0.3956, -0.3427, -0.6873, -0.0018, 0.7264, 0.7262, 0.0183, 0.6872, 0.0145, -0.9998, 0.0112, 0.5062, 0.0001, 0.0003, 0.0429], [-0.3087, -0.3916, -0.3396, 0.6894, -0.0043, 0.7244, -0.7242, 0.0174, 0.6893, -0.0156, -0.9998, 0.0089, 0.5022, 0.0001, 0.0003, 0.0429], [-0.1536, -0.0395, -0.1468, -0.9975, 0.0127, -0.0694, -0.0695, -0.0097, 0.9975, -0.012, -0.9999, -0.0106, 2.3323, 0.0115, 0.0175, 0.0005], [0.1552, -0.0406, -0.1448, 0.9975, 0.0115, -0.0691, 0.0692, -0.0087, 0.9976, 0.0109, -0.9999, -0.0095, 2.3331, 0.0115, 0.0175, 0.0005], [0.2215, -0.4023, -0.0768, 0.9572, -0.2587, -0.1295, 0.1659, 0.124, 0.9783, -0.237, -0.958, 0.1617, -9.6745, 0.0023, 0.0443, 0.0006], [-0.2216, -0.4047, -0.0768, -0.9575, -0.2569, -0.1307, -0.1667, 0.1235, 0.9782, 0.2352, -0.9585, 0.1611, -9.6665, 0.0023, 0.0443, 0.0006], [-0.158, -0.0393, 0.1879, 0.8888, -0.0082, 0.4582, -0.4582, 0.0056, 0.8888, -0.0099, -1.0, 0.0012, 1.9632, 0.0132, 0.0093, 0.0005], [0.1595, -0.0394, 0.1886, -0.8891, -0.0082, 0.4577, 0.4576, 0.0058, 0.8891, 0.0099, -1.0, 0.0014, 1.9594, 0.0132, 0.0092, 0.0004], [0.311, -0.3379, 0.3133, -0.8961, -0.0034, -0.4439, -0.4439, -0.0013, 0.8961, 0.0036, -1.0, 0.0004, 1.2639, 0.0003, 0.0004, 0.0712], [-0.3127, -0.3387, 0.3142, 0.8963, -0.0032, -0.4435, 0.4435, -0.0018, 0.8963, -0.0037, -1.0, -0.0002, 1.2625, 0.0003, 0.0005, 0.0713], [0.2666, 0.2745, 0.2936, -0.9617, 0.1156, 0.2446, 0.2331, -0.0781, 0.9665, -0.1306, -0.9865, -0.0485, 1.3455, 0.0016, 0.0003, 0.0419], [-0.2659, 0.2745, 0.2936, 0.9618, 0.1149, 0.2448, -0.2334, -0.0777, 0.9664, 0.1298, -0.9866, -0.0482, 1.3425, 0.0016, 0.0003, 0.0419], [0.1047, 0.229, 0.3535, -0.9998, -0.0182, 0.0054, 0.0055, -0.0059, 1.0, 0.0182, -0.9998, -0.006, 0.6338, 0.0057, 0.0001, 0.0323], [-0.104, 0.2295, 0.3542, 0.9998, -0.0201, 0.0057, -0.0059, -0.0064, 1.0, -0.0201, -0.9998, -0.0065, 0.6299, 0.0057, 0.0001, 0.0323], [0.1373, 0.6251, 0.353, -0.9324, 0.1744, 0.1518, 0.1299, -0.083, 0.9799, -0.1878, -0.9474, -0.0255, 1.0957, 0.0087, 0.0002, 0.0047], [-0.1367, 0.6242, 0.3531, 0.9326, 0.1735, 0.1515, -0.1297, -0.083, 0.9799, 0.1869, -0.9475, -0.0257, 1.096, 0.0087, 0.0003, 0.0047]]"}]}
{"messages": [{"role": "system", "content": "As an AI assistant, I have the capability to understand and work with the 256 data points of a chair's 3D model. This model is comprised of 16 parts, each represented by 16 latent vectors. The structure of these vectors is critical for accurate modifications: Position (Mu): The first three values of each vector represent Mu, indicating the average position or central point of each part. To modify a part's position, adjust these Mu values. For example, increasing the Mu value in the Y-axis elevates the backrest.; Shape (Eigenvectors): The next nine values form a 3x3 eigenvector matrix. This matrix, which must be normalized and symmetric, represents the principal axes of variation for each part. Changing the shape of a part involves adjusting these eigenvectors. For instance, to alter the seat's shape, modify its eigenvectors accordingly.; Feature Importance (Pi): The twelfth value is Pi, denoting the relative importance or weight of a feature. Adjusting Pi values can emphasize or de-emphasize certain features of the chair. For example, increasing Pi for the backrest can highlight its design.; Size/Proportion (Eigenvalues): The remaining values are positive eigenvalues, indicating the extent of variation along the principal axes. To change the size or proportion of chair parts, these eigenvalues must be adjusted. For example, reducing the eigenvalues can result in thinner chair legs.; When making modifications, such as changing the shape, size, or other features of the chair, these latent vectors need to be adjusted accordingly. It is crucial to maintain a balance in the overall design and ensure that each part's adjustments are accurately represented in the overall 256 vectors. You need to provide me with the entire extrinsic latent data of a chair based on the modifications specified using adjectives for components like back, seat, legs, and arms which indicated provided indices of parts"}, {"role": "user", "content": "The extrinsic latent vectors of this chair are: [[0.2998, -0.158, -0.5074, -0.9914, -0.1264, -0.0328, -0.0317, -0.0108, 0.9994, 0.1267, -0.9919, -0.0067, 1.5837, 0.0311, 0.0007, 0.0279], [-0.3005, -0.1557, -0.507, 0.9917, -0.1246, -0.0324, 0.0312, -0.0115, 0.9994, -0.1249, -0.9921, -0.0075, 1.584, 0.0312, 0.0008, 0.028], [-0.1626, -0.0185, -0.1267, -0.998, 0.0605, -0.0186, -0.0217, -0.052, 0.9984, -0.0594, -0.9968, -0.0532, 2.0304, 0.0192, 0.0401, 0.0046], [0.1743, -0.014, -0.1218, 0.9983, 0.0567, -0.01, 0.012, -0.0344, 0.9993, 0.0564, -0.9978, -0.035, 1.9812, 0.0187, 0.0407, 0.0042], [-0.1585, -0.0051, -0.1211, -0.9982, 0.0596, 0.0034, 0.002, -0.0234, 0.9997, -0.0596, -0.998, -0.0233, 1.8813, 0.0183, 0.0412, 0.0034], [-0.3754, 0.1576, -0.0924, -0.9667, -0.2554, 0.0134, 0.0207, -0.026, 0.9994, 0.2549, -0.9665, -0.0304, 1.4964, 0.0007, 0.0569, 0.0073], [0.376, 0.1585, -0.0923, 0.9655, -0.2602, 0.0134, -0.0222, -0.0309, 0.9993, -0.2596, -0.9651, -0.0356, 1.5074, 0.0007, 0.057, 0.0075], [-0.5507, -0.0778, 0.0245, 0.9999, -0.0135, -0.0105, 0.0115, 0.0761, 0.997, -0.0127, -0.997, 0.0762, 2.189, 0.0005, 0.0789, 0.0508], [0.5473, -0.0821, 0.0254, -0.9998, -0.0109, -0.0139, -0.0147, 0.0771, 0.9969, 0.0098, -0.997, 0.0772, 2.1927, 0.0005, 0.0789, 0.0509], [0.2325, 0.2044, 0.1942, -0.9957, -0.0916, -0.0132, 0.0094, -0.2421, 0.9702, 0.092, -0.9659, -0.2419, 1.1471, 0.0222, 0.0001, 0.02], [-0.2194, 0.2106, 0.1994, 0.9957, -0.0911, -0.014, -0.009, -0.2471, 0.9689, -0.0917, -0.9647, -0.2469, 1.1647, 0.0221, 0.0001, 0.0198], [-0.2289, 0.1987, 0.2036, 0.9956, -0.0926, -0.012, -0.0113, -0.2469, 0.969, -0.0927, -0.9646, -0.2469, 1.1495, 0.0222, 0.0001, 0.0202], [0.2983, 0.4093, 0.4027, -0.9997, -0.0103, 0.021, 0.0208, 0.0168, 0.9996, 0.0106, -0.9998, 0.0166, 0.7806, 0.033, 0.0031, 0.0001], [-0.2951, 0.4081, 0.4057, 0.9997, -0.009, 0.0209, -0.0207, 0.0172, 0.9996, -0.0093, -0.9998, 0.0171, 0.768, 0.0329, 0.0031, 0.0001], [-0.262, 0.0251, 0.4859, 0.9938, -0.1091, 0.0192, -0.0157, 0.0326, 0.9993, -0.1097, -0.9935, 0.0306, 1.9775, 0.0348, 0.0007, 0.0526], [0.2691, 0.0226, 0.4868, -0.9938, -0.1095, 0.0212, 0.0176, 0.0342, 0.9993, 0.1102, -0.9934, 0.0321, 1.9773, 0.0348, 0.0006, 0.0526]]. I want to see the version of this chair with long back and make thick leg. To make chair with long back and make thick leg, you have to modify the parts of [5, 6, 7, 8, 12, 13] based on the charactersics of 16 latens vectors; Mu, Eigenvectors, Eigenvalue and Pi"}, {"role": "assistant", "content": "[[0.2998, -0.158, -0.5074, -0.9914, -0.1264, -0.0328, -0.0317, -0.0108, 0.9994, 0.1267, -0.9919, -0.0067, 1.5837, 0.0311, 0.0007, 0.0279], [-0.3005, -0.1557, -0.507, 0.9917, -0.1246, -0.0324, 0.0312, -0.0115, 0.9994, -0.1249, -0.9921, -0.0075, 1.584, 0.0312, 0.0008, 0.028], [-0.1626, -0.0185, -0.1267, -0.998, 0.0605, -0.0186, -0.0217, -0.052, 0.9984, -0.0594, -0.9968, -0.0532, 2.0304, 0.0192, 0.0401, 0.0046], [0.1743, -0.014, -0.1218, 0.9983, 0.0567, -0.01, 0.012, -0.0344, 0.9993, 0.0564, -0.9978, -0.035, 1.9812, 0.0187, 0.0407, 0.0042], [-0.1585, -0.0051, -0.1211, -0.9982, 0.0596, 0.0034, 0.002, -0.0234, 0.9997, -0.0596, -0.998, -0.0233, 1.8813, 0.0183, 0.0412, 0.0034], [-0.4045, 0.1532, 0.0387, 0.0164, -0.1401, 0.0167, 0.0018, 0.0435, 0.9964, 0.114, -0.9799, 0.0411, 1.9825, 0.0016, 0.0448, 0.0392], [0.4038, 0.1548, 0.0391, -0.017, -0.1437, 0.0166, -0.0028, 0.0415, 0.9963, -0.1152, -0.9791, 0.0388, 1.9911, 0.0016, 0.0449, 0.0393], [-0.4904, 0.0365, -0.1174, 0.0003, 0.006, -0.0187, -0.0064, 0.0902, 0.9956, -0.0204, -0.9956, 0.0899, 2.1693, 0.0015, 0.0479, 0.0657], [0.489, 0.0344, -0.1187, -0.0002, 0.0064, -0.0206, 0.005, 0.091, 0.9955, 0.0181, -0.9956, 0.0908, 2.1694, 0.0016, 0.048, 0.0658], [0.2325, 0.2044, 0.1942, -0.9957, -0.0916, -0.0132, 0.0094, -0.2421, 0.9702, 0.092, -0.9659, -0.2419, 1.1471, 0.0222, 0.0001, 0.02], [-0.2194, 0.2106, 0.1994, 0.9957, -0.0911, -0.014, -0.009, -0.2471, 0.9689, -0.0917, -0.9647, -0.2469, 1.1647, 0.0221, 0.0001, 0.0198], [-0.2289, 0.1987, 0.2036, 0.9956, -0.0926, -0.012, -0.0113, -0.2469, 0.969, -0.0927, -0.9646, -0.2469, 1.1495, 0.0222, 0.0001, 0.0202], [0.2522, 0.3136, 0.3758, -0.9977, 0.0304, 0.0397, 0.0343, -0.0632, 0.9941, -0.034, -0.9935, -0.0613, 1.3863, 0.0268, 0.0021, 0.0235], [-0.2509, 0.3122, 0.3759, 0.9977, 0.0317, 0.0395, -0.0341, -0.0626, 0.9941, 0.0352, -0.9935, -0.0607, 1.3824, 0.0268, 0.0021, 0.0235], [-0.262, 0.0251, 0.4859, 0.9938, -0.1091, 0.0192, -0.0157, 0.0326, 0.9993, -0.1097, -0.9935, 0.0306, 1.9775, 0.0348, 0.0007, 0.0526], [0.2691, 0.0226, 0.4868, -0.9938, -0.1095, 0.0212, 0.0176, 0.0342, 0.9993, 0.1102, -0.9934, 0.0321, 1.9773, 0.0348, 0.0006, 0.0526]]"}]}
